2048
2048
33 0 190 0 116 29 116 29 190
34 54 149 54 116 94 116 94 149
35 119 191 119 115 180 115 180 191
36 205 199 205 111 261 111 261 199
37 286 191 286 115 363 115 363 191
38 388 191 388 115 453 115 453 191
39 478 149 478 116 506 116 506 149
40 531 209 531 115 569 115 569 209
41 594 209 594 115 633 115 633 209
42 658 153 658 115 703 115 703 153
43 728 180 728 127 783 127 783 180
44 808 203 808 171 837 171 837 203
45 862 171 862 154 903 154 903 171
46 928 190 928 171 957 171 957 190
47 982 191 982 115 1023 115 1023 191
48 1048 191 1048 115 1104 115 1104 191
49 1129 190 1129 115 1170 115 1170 190
50 1195 190 1195 115 1251 115 1251 190
51 1276 191 1276 115 1332 115 1332 191
52 1357 190 1357 115 1415 115 1415 190
53 1440 191 1440 116 1496 116 1496 191
54 1521 191 1521 115 1577 115 1577 191
55 1602 190 1602 116 1657 116 1657 190
56 1682 191 1682 115 1738 115 1738 191
57 1763 191 1763 115 1819 115 1819 191
58 1844 190 1844 133 1873 133 1873 190
59 1898 203 1898 133 1927 133 1927 203
60 1952 180 1952 127 2008 127 2008 180
61 0 307 0 271 55 271 55 307
62 80 315 80 262 136 262 136 315
63 161 325 161 250 216 250 216 325
64 241 345 241 250 331 250 331 345
65 356 325 356 251 427 251 427 325
66 452 325 452 251 513 251 513 325
67 538 326 538 250 606 250 606 326
68 631 325 631 251 696 251 696 325
69 721 325 721 251 782 251 782 325
70 807 325 807 251 863 251 863 325
71 888 326 888 250 957 250 957 326
72 982 325 982 251 1045 251 1045 325
73 1070 325 1070 251 1098 251 1098 325
74 1123 326 1123 251 1174 251 1174 326
75 1199 325 1199 251 1264 251 1264 325
76 1289 325 1289 251 1343 251 1343 325
77 1368 325 1368 251 1439 251 1439 325
78 1464 325 1464 251 1527 251 1527 325
79 1552 326 1552 250 1624 250 1624 326
80 1649 325 1649 251 1711 251 1711 325
81 1736 330 1736 250 1808 250 1808 330
82 1833 325 1833 251 1901 251 1901 325
83 1926 326 1926 250 1989 250 1989 326
84 0 460 0 386 63 386 63 460
85 88 461 88 386 151 386 151 461
86 176 460 176 386 245 386 245 460
87 270 460 270 386 358 386 358 460
88 383 460 383 386 452 386 452 460
89 477 460 477 386 546 386 546 460
90 571 460 571 386 634 386 634 460
91 659 478 659 386 694 386 694 478
92 719 461 719 385 760 385 760 461
93 785 478 785 386 820 386 820 478
94 845 430 845 385 897 385 897 430
95 922 471 922 456 985 456 985 471
96 1010 408 1010 386 1044 386 1044 408
97 1069 461 1069 402 1125 402 1125 461
98 1150 461 1150 386 1204 386 1204 461
99 1229 461 1229 402 1284 402 1284 461
100 1309 461 1309 386 1363 386 1363 461
101 1388 461 1388 402 1444 402 1444 461
102 1469 460 1469 385 1513 385 1513 460
103 1538 479 1538 402 1592 402 1592 479
104 1617 460 1617 386 1669 386 1669 460
105 1694 460 1694 386 1722 386 1722 460
106 1747 479 1747 386 1783 386 1783 479
107 1808 460 1808 386 1861 386 1861 460
108 1886 460 1886 386 1914 386 1914 460
109 1939 460 1939 402 2012 402 2012 460
110 0 595 0 537 52 537 52 595
111 77 596 77 537 134 537 134 596
112 159 613 159 537 213 537 213 613
113 238 613 238 537 292 537 292 613
114 317 595 317 537 359 537 359 595
115 384 596 384 537 437 537 437 596
116 462 596 462 522 502 522 502 596
117 527 596 527 538 579 538 579 596
118 604 595 604 538 661 538 661 595
119 686 595 686 538 759 538 759 595
120 784 595 784 538 841 538 841 595
121 866 614 866 538 922 538 922 614
122 947 595 947 538 1002 538 1002 595
123 1027 614 1027 520 1068 520 1068 614
124 1093 615 1093 521 1120 521 1120 615
125 1145 614 1145 520 1187 520 1187 614
159 1212 571 1212 545 1270 545 1270 571
161 1295 613 1295 538 1324 538 1324 613
162 1349 613 1349 521 1404 521 1404 613
163 1429 596 1429 520 1488 520 1488 596
164 1513 584 1513 532 1569 532 1569 584
165 1594 595 1594 521 1656 521 1656 595
166 1681 616 1681 521 1708 521 1708 616
167 1733 614 1733 520 1789 520 1789 614
168 1814 539 1814 520 1855 520 1855 539
169 1880 596 1880 520 1955 520 1955 596
170 0 697 0 654 46 654 46 697
171 71 727 71 676 123 676 123 727
172 148 711 148 674 203 674 203 711
173 228 711 228 694 269 694 269 711
174 294 731 294 655 369 655 369 731
175 394 659 394 644 461 644 461 659
176 486 688 486 654 532 654 532 688
177 557 730 557 666 620 666 620 730
178 645 698 645 655 689 655 689 698
179 714 699 714 655 757 655 757 699
180 782 678 782 656 816 656 816 678
181 841 748 841 673 899 673 899 748
182 924 748 924 656 985 656 985 748
183 1010 702 1010 683 1038 683 1038 702
184 1063 748 1063 719 1100 719 1100 748
185 1125 698 1125 655 1160 655 1160 698
186 1185 697 1185 654 1230 654 1230 697
187 1255 727 1255 676 1307 676 1307 727
188 1332 733 1332 655 1410 655 1410 733
189 1435 733 1435 655 1513 655 1513 733
190 1538 733 1538 655 1618 655 1618 733
191 1643 749 1643 673 1698 673 1698 749
192 1723 730 1723 640 1794 640 1794 730
193 1819 730 1819 640 1890 640 1890 730
194 1915 730 1915 640 1986 640 1986 730
195 0 865 0 778 71 778 71 865
196 96 865 96 774 167 774 167 865
197 192 865 192 771 263 771 263 865
198 288 865 288 791 378 791 378 865
199 403 883 403 790 471 790 471 883
200 496 865 496 775 557 775 557 865
201 582 865 582 775 643 775 643 865
202 668 865 668 775 729 775 729 865
203 754 865 754 774 815 774 815 865
204 840 865 840 775 874 775 874 865
205 899 865 899 775 933 775 933 865
206 958 865 958 775 1002 775 1002 865
207 1027 865 1027 774 1068 774 1068 865
208 1093 865 1093 791 1164 791 1164 865
209 1189 865 1189 778 1252 778 1252 865
210 1277 866 1277 775 1349 775 1349 866
211 1374 866 1374 775 1446 775 1446 866
212 1471 866 1471 775 1543 775 1543 866
213 1568 866 1568 778 1640 778 1640 866
214 1665 866 1665 774 1737 774 1737 866
215 1762 852 1762 804 1815 804 1815 852
216 1840 868 1840 790 1912 790 1912 868
217 1937 866 1937 775 2000 775 2000 866
218 0 1001 0 910 63 910 63 1001
219 88 1001 88 910 151 910 151 1001
220 176 1001 176 909 239 909 239 1001
221 264 1000 264 910 333 910 333 1000
222 358 1000 358 926 420 926 420 1000
223 445 1001 445 925 503 925 503 1001
224 528 1001 528 925 584 925 584 1001
225 609 1001 609 925 665 925 665 1001
226 690 1001 690 925 746 925 746 1001
227 771 1001 771 928 827 928 827 1001
228 852 1001 852 925 908 925 908 1001
229 933 1001 933 921 989 921 989 1001
230 1014 1001 1014 942 1095 942 1095 1001
231 1120 1018 1120 942 1175 942 1175 1018
232 1200 1001 1200 925 1256 925 1256 1001
233 1281 1001 1281 925 1337 925 1337 1001
234 1362 1001 1362 925 1418 925 1418 1001
235 1443 1001 1443 925 1499 925 1499 1001
236 1524 1000 1524 925 1559 925 1559 1000
237 1584 1000 1584 925 1618 925 1618 1000
238 1643 1000 1643 925 1687 925 1687 1000
239 1712 1000 1712 925 1753 925 1753 1000
240 1778 1001 1778 926 1834 926 1834 1001
241 1859 1000 1859 928 1911 928 1911 1000
242 1936 1001 1936 925 1993 925 1993 1001
243 0 1136 0 1060 57 1060 57 1136
244 82 1136 82 1060 139 1060 139 1136
245 164 1136 164 1063 221 1063 221 1136
246 246 1136 246 1060 303 1060 303 1136
247 328 1121 328 1076 391 1076 391 1121
248 416 1139 416 1074 473 1074 473 1139
249 498 1136 498 1060 550 1060 550 1136
250 575 1136 575 1060 627 1060 627 1136
251 652 1136 652 1060 704 1060 704 1136
252 729 1136 729 1060 781 1060 781 1136
253 806 1154 806 1060 862 1060 862 1154
254 887 1153 887 1061 941 1061 941 1153
255 966 1154 966 1060 1022 1060 1022 1154
256 1047 1135 1047 1050 1118 1050 1118 1135
257 1143 1136 1143 1065 1199 1065 1199 1136
258 1224 1135 1224 1046 1295 1046 1295 1135
259 1320 1136 1320 1061 1376 1061 1376 1136
260 1401 1155 1401 1061 1480 1061 1480 1155
261 1505 1155 1505 1077 1570 1077 1570 1155
262 1595 1136 1595 1045 1663 1045 1663 1136
263 1688 1136 1688 1060 1743 1060 1743 1136
264 1768 1136 1768 1045 1836 1045 1836 1136
265 1861 1136 1861 1060 1916 1060 1916 1136
266 1941 1136 1941 1047 2009 1047 2009 1136
267 0 1271 0 1197 55 1197 55 1271
268 80 1271 80 1180 148 1180 148 1271
269 173 1271 173 1195 228 1195 228 1271
270 253 1270 253 1180 318 1180 318 1270
271 343 1271 343 1196 407 1196 407 1271
272 432 1270 432 1196 503 1196 503 1270
273 528 1271 528 1196 587 1196 587 1271
274 612 1270 612 1185 673 1185 673 1270
275 698 1271 698 1200 754 1200 754 1271
276 779 1270 779 1181 840 1181 840 1270
277 865 1271 865 1196 921 1196 921 1271
278 946 1270 946 1182 1007 1182 1007 1270
279 1032 1271 1032 1197 1088 1197 1088 1271
280 1113 1290 1113 1196 1174 1196 1174 1290
281 1199 1290 1199 1212 1255 1212 1255 1290
282 1280 1270 1280 1180 1341 1180 1341 1270
283 1366 1271 1366 1195 1422 1195 1422 1271
284 1447 1271 1447 1180 1516 1180 1516 1271
285 1541 1289 1541 1195 1595 1195 1595 1289
286 1620 1271 1620 1181 1689 1181 1689 1271
287 1714 1289 1714 1196 1768 1196 1768 1289
288 1793 1271 1793 1182 1862 1182 1862 1271
289 1887 1289 1887 1197 1941 1197 1941 1289
290 0 1423 0 1330 69 1330 69 1423
291 94 1424 94 1324 148 1324 148 1424
292 173 1405 173 1315 236 1315 236 1405
293 261 1405 261 1315 313 1315 313 1405
294 338 1405 338 1331 410 1331 410 1405
295 435 1405 435 1331 494 1331 494 1405
296 519 1405 519 1318 564 1318 564 1405
297 589 1405 589 1333 634 1333 634 1405
298 659 1405 659 1320 703 1320 703 1405
299 728 1405 728 1335 771 1335 771 1405
300 796 1405 796 1316 839 1316 839 1405
301 864 1405 864 1331 907 1331 907 1405
302 932 1425 932 1331 969 1331 969 1425
303 994 1425 994 1331 1031 1331 1031 1425
304 1056 1405 1056 1317 1085 1317 1085 1405
305 1110 1405 1110 1348 1137 1348 1137 1405
306 1162 1406 1162 1331 1227 1331 1227 1406
307 1252 1424 1252 1331 1296 1331 1296 1424
308 1321 1406 1321 1315 1380 1315 1380 1406
309 1405 1424 1405 1330 1449 1330 1449 1424
310 1474 1424 1474 1331 1539 1331 1539 1424
311 1564 1424 1564 1331 1617 1331 1617 1424
312 1642 1405 1642 1348 1695 1348 1695 1405
313 1720 1405 1720 1315 1774 1315 1774 1405
314 1799 1405 1799 1315 1833 1315 1833 1405
315 1858 1424 1858 1331 1912 1331 1912 1424
316 1937 1424 1937 1331 1973 1331 1973 1424
317 0 1540 0 1466 54 1466 54 1540
318 79 1540 79 1466 117 1466 117 1540
319 142 1540 142 1466 196 1466 196 1540
320 221 1540 221 1466 260 1466 260 1540
321 285 1540 285 1466 345 1466 345 1540
322 370 1540 370 1466 407 1466 407 1540
323 432 1540 432 1450 495 1450 495 1540
324 520 1540 520 1465 572 1465 572 1540
325 597 1559 597 1466 660 1466 660 1559
326 685 1559 685 1482 737 1482 737 1559
327 762 1540 762 1450 825 1450 825 1540
328 850 1540 850 1465 902 1465 902 1540
329 927 1540 927 1466 991 1466 991 1540
330 1016 1541 1016 1466 1081 1466 1081 1541
331 1106 1559 1106 1482 1158 1482 1158 1559
332 1183 1541 1183 1455 1255 1455 1255 1541
333 1280 1541 1280 1470 1337 1470 1337 1541
334 1362 1541 1362 1451 1434 1451 1434 1541
335 1459 1541 1459 1466 1516 1466 1516 1541
336 1541 1541 1541 1450 1613 1450 1613 1541
337 1638 1541 1638 1465 1695 1465 1695 1541
338 1720 1541 1720 1465 1808 1465 1808 1541
339 1833 1541 1833 1482 1918 1482 1918 1541
340 1943 1540 1943 1450 2011 1450 2011 1540
341 0 1675 0 1600 42 1600 42 1675
342 67 1694 67 1601 135 1601 135 1694
343 160 1694 160 1617 202 1617 202 1694
344 227 1675 227 1585 295 1585 295 1675
345 320 1675 320 1600 364 1600 364 1675
346 389 1676 389 1585 452 1585 452 1676
347 477 1676 477 1600 530 1600 530 1676
348 555 1676 555 1585 618 1585 618 1676
349 643 1676 643 1600 696 1600 696 1676
350 721 1693 721 1600 784 1600 784 1693
351 809 1693 809 1617 862 1617 862 1693
352 887 1676 887 1585 950 1585 950 1676
353 975 1676 975 1600 1028 1600 1028 1676
354 1053 1693 1053 1601 1116 1601 1116 1693
355 1141 1693 1141 1602 1183 1602 1183 1693
356 1208 1675 1208 1585 1271 1585 1271 1675
357 1296 1676 1296 1601 1343 1601 1343 1676
358 1368 1675 1368 1601 1431 1601 1431 1675
359 1456 1676 1456 1602 1499 1602 1499 1676
360 1524 1676 1524 1588 1587 1588 1587 1676
361 1612 1676 1612 1603 1664 1603 1664 1676
362 1689 1676 1689 1590 1752 1590 1752 1676
363 1777 1676 1777 1605 1829 1605 1829 1676
364 1854 1676 1854 1586 1917 1586 1917 1676
365 1942 1676 1942 1601 1994 1601 1994 1676
366 0 1811 0 1716 63 1716 63 1811
367 88 1811 88 1731 140 1731 140 1811
368 165 1811 165 1720 228 1720 228 1811
369 253 1811 253 1735 305 1735 305 1811
370 330 1830 330 1736 393 1736 393 1830
371 418 1830 418 1753 480 1753 480 1830
372 505 1810 505 1720 593 1720 593 1810
373 618 1810 618 1735 691 1735 691 1810
374 716 1810 716 1720 785 1720 785 1810
375 810 1829 810 1735 866 1735 866 1829
376 891 1810 891 1719 960 1719 960 1810
377 985 1810 985 1720 1048 1720 1048 1810
378 1073 1810 1073 1735 1128 1735 1128 1810
379 1153 1810 1153 1722 1216 1722 1216 1810
380 1241 1810 1241 1737 1296 1737 1296 1810
381 1321 1810 1321 1720 1384 1720 1384 1810
382 1409 1810 1409 1735 1464 1735 1464 1810
